0.16238344 0.45326359 0.38435297
0.20146954 0.46788338 0.33064707
0.17314488 0.44994111 0.37691402
0.20283257 0.46762772 0.32953971
0.47753165 0.44208861 0.08037975
0.20460456 0.47116414 0.32423130
0.21682848 0.46817691 0.31499461
0.20820189 0.47003155 0.32176656
0.20334620 0.46503647 0.33161733
0.38584882 0.46118605 0.15296513
0.20003711 0.47012433 0.32983856
0.20660377 0.47248428 0.32091195
0.20139745 0.46876284 0.32983970
0.20666549 0.47440193 0.31893258
0.29021739 0.49891304 0.21086957
0.20032811 0.46937659 0.33029530
0.20401391 0.46886852 0.32711757
0.20210392 0.46605037 0.33184571
0.19975460 0.46981595 0.33042945
0.47300089 0.43983476 0.08716436
0.20222377 0.46838082 0.32939541
0.20159177 0.47461904 0.32378919
0.19985826 0.46846208 0.33167966
0.20106483 0.46988203 0.32905314
0.39212598 0.45905512 0.14881890
0.20393120 0.47051597 0.32555283
0.17500000 0.46086957 0.36413043
0.19578554 0.46492398 0.33929048
0.15260152 0.45114213 0.39625635
0.37894737 0.46315789 0.15789474
0.19937304 0.46645768 0.33416928
0.17978482 0.45696489 0.36325028
0.17257463 0.45802239 0.36940299
0.21305115 0.47160494 0.31534392
0.47160194 0.45048544 0.07791262
0.21099821 0.47220562 0.31679617
0.20853479 0.46941350 0.32205171
0.18488024 0.45883234 0.35628743
0.20392799 0.47037643 0.32569558
0.38661088 0.45941423 0.15397490
0.20362976 0.46950998 0.32686025
0.20353508 0.46866631 0.32779861
0.19119130 0.46127984 0.34752886
0.20250432 0.47107081 0.32642487
0.37786260 0.46523991 0.15689749
0.19280719 0.46640859 0.34078422
0.20422816 0.46709214 0.32867970
0.19929036 0.46850976 0.33219988
0.20182831 0.46950436 0.32866733
0.39160839 0.44988345 0.15850816
0.16677169 0.45452636 0.37870195
0.18119068 0.44176014 0.37704918
0.20063694 0.46560510 0.33375796
0.15764959 0.45395915 0.38839126
0.46401419 0.45514445 0.08084136
0.17142857 0.45793651 0.37063492
0.20095518 0.46987509 0.32916973
0.19905930 0.46951117 0.33142953
0.20334507 0.46830986 0.32834507
0.27433628 0.49336283 0.23230088
0.20221948 0.46802889 0.32975163
0.16139829 0.44998141 0.38862030
0.17545710 0.45815752 0.36638537
0.16362696 0.45220541 0.38416764
0.38166856 0.46169126 0.15664018
0.19896595 0.46817615 0.33285791
0.18720413 0.46471095 0.34808492
0.17827420 0.45816908 0.36355672
0.20229612 0.46912114 0.32858274
0.38865546 0.45588235 0.15546218
0.19904159 0.47022078 0.33073763
0.20271235 0.46776112 0.32952653
0.20887518 0.47164499 0.31947982
0.19637053 0.46505959 0.33856988
0.35385878 0.47824302 0.16789819
0.21732365 0.47147303 0.31120332
0.15332549 0.45055915 0.39611536
0.26798561 0.47661871 0.25539568
0.19878296 0.46044625 0.34077079
0.23223350 0.50063452 0.26713198
0.20892857 0.47227891 0.31879252
0.17391304 0.45822306 0.36786389
0.18365628 0.45829823 0.35804549
0.20953576 0.46863237 0.32183187
0.38361409 0.45941807 0.15696784
0.22104707 0.47276573 0.30618720
0.16332856 0.45832141 0.37835002
0.19889937 0.46305031 0.33805031
0.18676196 0.45898073 0.35425730
0.27044025 0.48506289 0.24449686
0.17894737 0.45964912 0.36140351
0.17468012 0.45791942 0.36740046
0.20350519 0.46894674 0.32754807
0.20456621 0.46940639 0.32602740
0.37922078 0.45454545 0.16623377
0.20126927 0.46600181 0.33272892
0.20387297 0.46568552 0.33044152
0.20778026 0.47102116 0.32119858
0.20280112 0.46890756 0.32829132
0.48437005 0.43941411 0.07621584
0.20557636 0.46858094 0.32584270
0.18194100 0.45845530 0.35960369
0.21398588 0.47765322 0.30836091
0.20512821 0.47020845 0.32466335
0.27987421 0.49390128 0.22622451
0.20149254 0.46847396 0.33003351
0.20224494 0.46662658 0.33112848
0.21912454 0.47655029 0.30432517
0.18361994 0.46196444 0.35441562
0.38161209 0.46158690 0.15680101
0.20366599 0.46741344 0.32892057
0.20626478 0.46985816 0.32387707
0.17412175 0.45865154 0.36722671
0.20400684 0.47178109 0.32421207
0.29097840 0.49174079 0.21728081
0.19985114 0.46855229 0.33159658
0.20373027 0.46628407 0.32998565
0.20011451 0.46736330 0.33252219
0.19961334 0.46959884 0.33078782
0.21690647 0.48273381 0.30035971
0.21026131 0.47512805 0.31461064
0.22609423 0.47477000 0.29913577
0.20291480 0.46412556 0.33295964
0.18968969 0.46096096 0.34934935
0.27329193 0.49767081 0.22903727
0.19010608 0.46686272 0.34303119
0.19717405 0.46563905 0.33718690
0.26970954 0.47654006 0.25375040
0.19249311 0.47141873 0.33608815
0.38038353 0.46274756 0.15686891
0.21008075 0.47212816 0.31779109
0.20614035 0.46798246 0.32587719
0.16871895 0.45582199 0.37545906
0.19602649 0.46490066 0.33907285
0.39244663 0.45845649 0.14909688
0.15233625 0.45316834 0.39449541
0.21108704 0.47128927 0.31762369
0.15129925 0.44656329 0.40213747
0.20617696 0.46744574 0.32637730
0.37297297 0.45945946 0.16756757
0.20192107 0.47107956 0.32699937
0.19839679 0.46459586 0.33700735
0.21844127 0.47420417 0.30735456
0.20024876 0.46932007 0.33043118
0.23009554 0.49601911 0.27388535
0.17151024 0.45593140 0.37255836
0.17272727 0.45731895 0.36995378
0.20959264 0.47043364 0.31997372
0.20178460 0.47072636 0.32748904
0.38074534 0.46149068 0.15776398
0.19900498 0.46840796 0.33258706
0.20104747 0.46646393 0.33248860
0.21378899 0.47466720 0.31154381
0.20669856 0.46411483 0.32918660
0.38252688 0.46155914 0.15591398
0.20353548 0.47016941 0.32629511
0.16015132 0.45491803 0.38493064
0.20448718 0.48141026 0.31410256
0.21313257 0.47485253 0.31201490
0.28637496 0.49199573 0.22162931
0.16129532 0.45444685 0.38425782
0.20414730 0.46996782 0.32588488
0.16649498 0.45634818 0.37715684
0.20442842 0.47013388 0.32543769
0.37555556 0.48111111 0.14333333
0.20258040 0.46986328 0.32755633
0.20064464 0.46736503 0.33199033
0.21612011 0.47096009 0.31291979
0.20176917 0.46882898 0.32940185
0.37273875 0.48590660 0.14135465
0.20031285 0.47032241 0.32936473
0.17527011 0.45378151 0.37094838
0.18177028 0.45732350 0.36090622
0.20250000 0.46833333 0.32916667
0.38074074 0.46148148 0.15777778
0.20117287 0.46889342 0.32993371
0.20176817 0.46876228 0.32946955
0.20213379 0.46900231 0.32886390
0.20236439 0.46957580 0.32805981
0.23919523 0.49403875 0.26676602
0.15604909 0.45061368 0.39333723
0.17589679 0.46066709 0.36343612
0.21741956 0.47383815 0.30874228
0.19140287 0.46998789 0.33860924
0.37332392 0.48553282 0.14114326
0.16144068 0.45296610 0.38559322
0.20226843 0.46786389 0.32986767
0.20507813 0.46875000 0.32617188
0.20241692 0.46827795 0.32930514
0.28961283 0.49718574 0.21320143
0.21065352 0.47283449 0.31651199
0.20233625 0.46933667 0.32832708
0.20634921 0.46825397 0.32539683
0.20620843 0.46784922 0.32594235
0.38805970 0.48032564 0.13161465
0.22251481 0.46938776 0.30809743
0.18284893 0.46327052 0.35388055
0.18380241 0.46027187 0.35592571
0.20189420 0.46754447 0.33056133
0.24777283 0.49487751 0.25734967
0.20598911 0.46733212 0.32667877
0.19314642 0.46261682 0.34423676
0.21109011 0.47006931 0.31884058
0.16370619 0.45463274 0.38166107
0.25952915 0.49383408 0.24663677
0.19139915 0.46547547 0.34312538
0.19834025 0.46431535 0.33734440
0.18359917 0.45977809 0.35662275
0.18245614 0.45719298 0.36035088
0.21445930 0.48420413 0.30133657
0.21136310 0.47112462 0.31751227
0.20158742 0.46852123 0.32989135
0.20223923 0.46981293 0.32794785
0.17500000 0.45250000 0.37250000
0.38078550 0.46283988 0.15637462
0.20756235 0.47023331 0.32220434
0.19896641 0.46511628 0.33591731
0.20026008 0.46911573 0.33062419
0.20078163 0.46555936 0.33365901
0.30065157 0.50418864 0.19515979
0.20364050 0.46985210 0.32650739
0.18766756 0.45576408 0.35656836
0.21881512 0.47454600 0.30663888
0.18298969 0.45618557 0.36082474
0.47908700 0.43977055 0.08114245
0.21302817 0.47036385 0.31660798
0.20345918 0.46884880 0.32769202
0.21530383 0.47261815 0.31207802
0.20091324 0.46867580 0.33041096
0.21980198 0.49768977 0.28250825
0.19906929 0.46716649 0.33376422
0.21236873 0.47530144 0.31232983
0.19550903 0.46530474 0.33918622
0.18329596 0.46020179 0.35650224
0.47081218 0.44923858 0.07994924
0.20333506 0.47008251 0.32658242
0.18313866 0.46346211 0.35339922
0.20847419 0.47058824 0.32093757
0.18807140 0.46060078 0.35132782
0.38712038 0.45993414 0.15294548
0.20662204 0.46933237 0.32404559
0.20907195 0.46976017 0.32116788
0.20126147 0.46731651 0.33142202
0.20121131 0.46702557 0.33176312
0.46949328 0.44570838 0.08479835
0.18167939 0.46259542 0.35572519
0.20309206 0.47130476 0.32560319
0.18955224 0.46343284 0.34701493
0.20951687 0.47293032 0.31755280
0.26400947 0.50197316 0.23401736
0.19804287 0.46644921 0.33550792
0.20569174 0.47027332 0.32403494
0.20171318 0.46587455 0.33241227
0.18979786 0.46438746 0.34581468
0.39566396 0.45448749 0.14984856
0.19979750 0.46608167 0.33412082
0.20216049 0.46604938 0.33179012
0.18756128 0.46351030 0.34892842
0.20563140 0.47098976 0.32337884
0.28289025 0.49625085 0.22085890
0.20033442 0.46914563 0.33051995
0.16080024 0.45547533 0.38372443
0.20489464 0.47047849 0.32462687
0.16603295 0.45564005 0.37832700
0.37587658 0.48223469 0.14188873
0.20418204 0.46822468 0.32759328
0.18304620 0.45790916 0.35904464
0.22407504 0.47767935 0.29824561
0.18477419 0.46193548 0.35329032
0.22587968 0.49262202 0.28149830
0.20198511 0.46923077 0.32878412
0.17670778 0.45825427 0.36503795
0.19554165 0.46402034 0.34043801
0.19934372 0.46349467 0.33716161
0.37433155 0.46167558 0.16399287
0.17462932 0.45194948 0.37342120
0.18210238 0.46307151 0.35482610
0.20381345 0.47023963 0.32594692
0.15451389 0.45312500 0.39236111
0.28263679 0.49547609 0.22188712
0.19141231 0.46094154 0.34764615
0.19906248 0.46477878 0.33615874
0.20878287 0.47243763 0.31877950
0.19714656 0.46519671 0.33765672
0.38694502 0.46162893 0.15142605
0.21604938 0.47119342 0.31275720
0.20769764 0.47075821 0.32154415
0.19539126 0.46663466 0.33797408
0.20598523 0.46793626 0.32607851
0.21811383 0.49584545 0.28604071
0.20277296 0.46793761 0.32928943
0.17684100 0.45863215 0.36452685
0.20188679 0.46761006 0.33050314
0.19693972 0.46919931 0.33386097
0.29981238 0.50243902 0.19774859
0.20181527 0.46716498 0.33101975
0.21904762 0.47333333 0.30761905
0.15956151 0.45066991 0.38976857
0.21693122 0.47442681 0.30864198
0.26402640 0.50000000 0.23597360
0.16473510 0.45240066 0.38286424
0.20065130 0.46910488 0.33024382
0.20010368 0.46889580 0.33100052
0.18946188 0.46300448 0.34753363
0.24324324 0.49290199 0.26385476
0.20003596 0.47019689 0.32976715
0.18011027 0.45844395 0.36144578
0.20083247 0.46680541 0.33236212
0.20088925 0.46685530 0.33225546
0.47056775 0.44688262 0.08254963
0.20210754 0.46582005 0.33207241
0.17562794 0.46016484 0.36420722
0.19284603 0.46708139 0.34007258
0.16136175 0.45530030 0.38333795
0.29643527 0.50000000 0.20356473
0.17536946 0.45812808 0.36650246
0.22004411 0.47635383 0.30360206
0.20066198 0.46731485 0.33202317
0.20999372 0.47513335 0.31487292
0.38517566 0.46058269 0.15424165
0.18814433 0.47422680 0.33762887
0.20978628 0.47075366 0.31946007
0.20239637 0.46955959 0.32804404
0.18883819 0.46560197 0.34555985
0.38255034 0.46096786 0.15648181
0.19932936 0.46609538 0.33457526
0.20595745 0.47182979 0.32221277
0.19959103 0.47106209 0.32934688
0.20359281 0.46949850 0.32690868
0.22790757 0.49200102 0.28009142
0.20294118 0.46862745 0.32843137
0.20188679 0.46792453 0.33018868
0.15604284 0.44977053 0.39418664
0.20104819 0.46862717 0.33032465
0.29802883 0.49897029 0.20300088
0.19374743 0.46441794 0.34183464
0.21128130 0.47568685 0.31303185
0.15297907 0.44605475 0.40096618
0.20435166 0.46721552 0.32843281
0.38352045 0.46230954 0.15417001
0.19977169 0.46518265 0.33504566
0.16932624 0.45449173 0.37618203
0.19774011 0.47215496 0.33010492
0.20510133 0.46750524 0.32739343
0.28384279 0.50000000 0.21615721
0.20530499 0.46997989 0.32471512
0.20159254 0.47005891 0.32834855
0.20068687 0.46946394 0.32984919
0.20614985 0.47055002 0.32330013
0.41915551 0.45829042 0.12255407
0.19140872 0.46462413 0.34396715
0.19843413 0.46787257 0.33369330
0.21623489 0.47219344 0.31157168
0.21979702 0.47323787 0.30696510
0.38441479 0.46050008 0.15508514
0.20819228 0.47291808 0.31888964
0.20218462 0.46947955 0.32833583
0.20196604 0.46738159 0.33065237
0.20000000 0.46666667 0.33333333
0.29607775 0.49704964 0.20687261
0.20076336 0.46488550 0.33435115
0.21355568 0.46960732 0.31683701
0.18719212 0.45596059 0.35684729
0.20099432 0.46803977 0.33096591
0.27846230 0.49605717 0.22548053
0.19841270 0.46603175 0.33555556
0.20191471 0.46932115 0.32876414
0.20063358 0.47096093 0.32840549
0.19038643 0.45900094 0.35061263
0.26560951 0.50247770 0.23191278
0.19864865 0.46621622 0.33513514
0.18288591 0.47147651 0.34563758
0.19596200 0.46674584 0.33729216
0.20114943 0.46551724 0.33333333
0.38123781 0.46147180 0.15729039
0.19349845 0.46857585 0.33792570
0.18829982 0.46069470 0.35100548
0.16510539 0.45491803 0.37997658
0.20200975 0.46970593 0.32828432
0.26849315 0.49954338 0.23196347
0.19550173 0.46280277 0.34169550
0.19427148 0.46948941 0.33623910
0.20513548 0.47056320 0.32430132
0.15879340 0.45276039 0.38844622
0.26865672 0.49253731 0.23880597
0.18028534 0.45698227 0.36273238
0.20775194 0.46821705 0.32403101
0.16238608 0.45318973 0.38442419
0.20198330 0.46659708 0.33141962
0.36858476 0.48833593 0.14307932
0.20782396 0.47048550 0.32169053
0.20691475 0.46951702 0.32356822
0.20275229 0.46605505 0.33119266
0.19687347 0.45627748 0.34684905
0.38234005 0.46187555 0.15578440
0.20957096 0.46754675 0.32288229
0.20080462 0.46965192 0.32954347
0.20030008 0.46661665 0.33308327
0.16243565 0.45295580 0.38460856
0.27434457 0.49625468 0.22940075
0.16660960 0.45805410 0.37533630
0.20570698 0.46933560 0.32495741
0.16037736 0.45245283 0.38716981
0.16723420 0.45629966 0.37646614
0.38117284 0.46172840 0.15709877
0.20052211 0.46859194 0.33088595
0.19436696 0.46387114 0.34176190
0.20431528 0.46851607 0.32716865
0.18388246 0.45948353 0.35663402
0.29488221 0.50284322 0.20227457
0.18484090 0.45942081 0.35573829
0.20153443 0.46669162 0.33177395
0.20004933 0.46978293 0.33016774
0.20364855 0.46909903 0.32725242
0.45488722 0.43233083 0.11278195
0.17241379 0.45221675 0.37536946
0.21749911 0.47006730 0.31243358
0.19065126 0.46218487 0.34716387
0.19801705 0.46849518 0.33348777
0.29932677 0.50440186 0.19627136
0.20176471 0.46911765 0.32911765
0.21062475 0.47674889 0.31262636
0.20741269 0.46935139 0.32323592
0.20366826 0.46953748 0.32679426
0.38405797 0.46231884 0.15362319
0.19611607 0.46336231 0.34052162
0.21984027 0.47540984 0.30474989
0.18418418 0.46479813 0.35101768
0.19060773 0.45911602 0.35027624
0.27621622 0.50000000 0.22378378
0.21305031 0.46698113 0.31996855
0.19444444 0.46421846 0.34133710
0.19589754 0.46609088 0.33801158
0.17356688 0.46019108 0.36624204
0.38032787 0.45901639 0.16065574
0.20060790 0.45896657 0.34042553
0.16814650 0.45283019 0.37902331
0.19967400 0.46699267 0.33333333
0.19537214 0.46875000 0.33587786
0.38427007 0.46112408 0.15460585
0.16110903 0.44960659 0.38928438
0.21010884 0.47149972 0.31839144
0.20124224 0.46832298 0.33043478
0.20151921 0.46827525 0.33020554
0.38645418 0.46115538 0.15239044
0.20371101 0.46782471 0.32846427
0.15240698 0.45245603 0.39513699
0.15756303 0.44957983 0.39285714
0.20405797 0.46782609 0.32811594
0.38069217 0.46174863 0.15755920
0.20293123 0.46956032 0.32750846
0.20678033 0.47045995 0.32275971
0.21457821 0.46601147 0.31941032
0.20638821 0.46944599 0.32416581
0.38954635 0.46153846 0.14891519
0.20189274 0.46687697 0.33123028
0.21081831 0.47087379 0.31830791
0.18038529 0.45534151 0.36427320
0.20239880 0.46551724 0.33208396
0.38223062 0.46200378 0.15576560
0.16002795 0.45283019 0.38714186
0.20278398 0.47310534 0.32411067
0.19901605 0.46690875 0.33407520
0.19495569 0.46216769 0.34287662
0.27804878 0.50731707 0.21463415
0.20004181 0.46739130 0.33256689
0.21587744 0.47353760 0.31058496
0.20007593 0.46545178 0.33447229
0.19971264 0.45977011 0.34051724
0.25255474 0.49635036 0.25109489
0.21059349 0.46841098 0.32099553
0.20068527 0.46916300 0.33015174
0.20171674 0.46738197 0.33090129
0.20526894 0.46981339 0.32491767
0.29818182 0.50400000 0.19781818
0.19803695 0.46651270 0.33545035
0.20063694 0.47098372 0.32837933
0.21282923 0.46771453 0.31945624
0.21665090 0.47114475 0.31220435
0.37918871 0.46243386 0.15837743
0.17853510 0.46083418 0.36063072
0.18296530 0.45899054 0.35804416
0.24372321 0.45927740 0.29699939
0.16531672 0.45607477 0.37860852
0.38192420 0.46246356 0.15561224
0.24142195 0.47727975 0.28129830
0.20306924 0.47073519 0.32619557
0.20029600 0.46867292 0.33103108
0.20259434 0.46933962 0.32806604
0.24552529 0.49610895 0.25836576
0.19278997 0.46551724 0.34169279
0.20199275 0.46829710 0.32971014
0.16324244 0.45461337 0.38214419
0.16018846 0.45111896 0.38869258
0.48122192 0.42174304 0.09703504
0.20141439 0.47028424 0.32830137
0.20355030 0.46745562 0.32899408
0.16080645 0.45435484 0.38483871
0.20372807 0.46907895 0.32719298
0.38118375 0.46179329 0.15702297
0.22169249 0.47258641 0.30572110
0.20712209 0.47020349 0.32267442
0.20206022 0.46751189 0.33042789
0.20331263 0.46708075 0.32960663
0.38421445 0.45867461 0.15711095
0.20558837 0.46955929 0.32485234
0.21174004 0.47085954 0.31740042
0.20614079 0.47156853 0.32229068
0.22273188 0.47935903 0.29790910
0.23949045 0.50573248 0.25477707
0.21825773 0.47580186 0.30594041
0.18214286 0.46160714 0.35625000
0.20554403 0.47180841 0.32264756
0.20240700 0.46936543 0.32822757
0.22567050 0.49501916 0.27931034
0.23950617 0.47695473 0.28353909
0.20389901 0.46883988 0.32726111
0.20138203 0.46857519 0.33004278
0.20178950 0.46974335 0.32846715
0.46801671 0.44824815 0.08373513
0.23700887 0.46894804 0.29404309
0.20943135 0.46948682 0.32108183
0.20682819 0.47004405 0.32312775
0.19645775 0.46382589 0.33971636
0.38290479 0.46212648 0.15496873
0.20241745 0.46807392 0.32950863
0.19039146 0.46085409 0.34875445
0.17099407 0.45511869 0.37388724
0.20389462 0.46735395 0.32875143
0.45887017 0.45787909 0.08325074
0.17926933 0.45766072 0.36306995
0.16529146 0.45302103 0.38168752
0.20576816 0.46866334 0.32556850
0.20209695 0.46816593 0.32973712
0.46384595 0.45454545 0.08160859
0.20313813 0.46763799 0.32922387
0.20461835 0.46953175 0.32584990
0.20061118 0.46827251 0.33111630
0.16150870 0.45228885 0.38620245
0.24542683 0.49695122 0.25762195
0.16719905 0.45651182 0.37628913
0.16018402 0.45294856 0.38686742
0.18506169 0.46548850 0.34944982
0.18962848 0.46439628 0.34597523
0.40953164 0.44174199 0.14872638
0.19922547 0.46729776 0.33347676
0.19839712 0.46647040 0.33513248
0.19322245 0.46510182 0.34167573
0.19060052 0.45691906 0.35248042
0.29239766 0.49941520 0.20818713
0.23324651 0.47667535 0.29007814
0.17170732 0.45268293 0.37560976
0.20227201 0.46797097 0.32975702
0.19059081 0.45689278 0.35251641
0.22629310 0.49676724 0.27693966
0.20143342 0.46887967 0.32968691
0.17800233 0.46094054 0.36105713
0.20022497 0.46922706 0.33054797
0.19918534 0.46639511 0.33441955
0.37689133 0.45942228 0.16368638
0.21177968 0.47302205 0.31519826
0.20518111 0.46928015 0.32553874
0.20514950 0.47051495 0.32433555
0.21124576 0.47212797 0.31662627
0.27703917 0.49658642 0.22637442
0.19547469 0.46675997 0.33776534
0.20154589 0.46705314 0.33140097
0.19985130 0.46646840 0.33368030
0.20253759 0.46851504 0.32894737
0.24939402 0.49501751 0.25558847
0.19880885 0.46568349 0.33550766
0.16942984 0.45410433 0.37646583
0.19056533 0.45862973 0.35080494
0.20065789 0.46271930 0.33662281
0.38450075 0.45901639 0.15648286
0.20034247 0.46893346 0.33072407
0.20194384 0.46679266 0.33126350
0.21855828 0.47392638 0.30751534
0.17025684 0.45857498 0.37116819
0.29707928 0.50319889 0.19972184
0.18072289 0.45783133 0.36144578
0.16827279 0.45404003 0.37768718
0.20280112 0.46722689 0.32997199
0.23393316 0.47146530 0.29460154
0.39121756 0.45508982 0.15369261
0.21836115 0.47420334 0.30743551
0.20300334 0.46718576 0.32981090
0.20296408 0.46922884 0.32780708
0.19907639 0.46979531 0.33112831
0.27730938 0.49688416 0.22580645
0.20283245 0.46927508 0.32789246
0.20979316 0.47150696 0.31869987
0.21552758 0.47362110 0.31085132
0.17684211 0.45789474 0.36526316
0.20227920 0.48361823 0.31410256
0.21699717 0.47478754 0.30821530
0.23822342 0.47644684 0.28532974
0.18590998 0.45988258 0.35420744
0.18564103 0.46085470 0.35350427
0.37993311 0.46086957 0.15919732
0.20921771 0.46937538 0.32140691
0.20375264 0.46934461 0.32690275
0.20933735 0.46837349 0.32228916
0.21395881 0.47292143 0.31311976
0.37912088 0.46043956 0.16043956
0.16860227 0.45771280 0.37368493
0.17892945 0.45923964 0.36183091
0.23764458 0.47108307 0.29127234
0.19889312 0.46489104 0.33621584
0.34437086 0.47947020 0.17615894
0.21416382 0.47013652 0.31569966
0.20367353 0.47148571 0.32484076
0.19283456 0.45416228 0.35300316
0.20169214 0.47025109 0.32805677
0.26236559 0.49677419 0.24086022
0.20000000 0.46714286 0.33285714
0.20240653 0.46755479 0.33003868
0.20622837 0.46989619 0.32387543
0.19991232 0.46843490 0.33165278
0.38335287 0.46072685 0.15592028
0.19892266 0.46633321 0.33474413
0.19899444 0.46881891 0.33218665
0.20274709 0.46999104 0.32726187
0.20500000 0.46750000 0.32750000
0.37819026 0.47563805 0.14617169
0.20800652 0.47254762 0.31944586
0.15614237 0.44546498 0.39839265
0.21122577 0.47373358 0.31504065
0.19546599 0.46935348 0.33518052
0.24661090 0.49495241 0.25843669
0.18183892 0.46383755 0.35432352
0.20298507 0.46865672 0.32835821
0.20275640 0.46825061 0.32899298
0.17701228 0.45634379 0.36664393
0.38663102 0.45882353 0.15454545
0.19901478 0.46798030 0.33300493
0.18092932 0.45832945 0.36074122
0.19411905 0.46796557 0.33791537
0.20856507 0.47024472 0.32119021
0.38080495 0.46130031 0.15789474
0.20405494 0.46697188 0.32897319
0.19706300 0.46328754 0.33964946
0.17980022 0.45726970 0.36293008
0.20756257 0.46926007 0.32317737
0.38305085 0.47796610 0.13898305
0.20066335 0.46849088 0.33084577
0.15843347 0.45171340 0.38985314
0.23274854 0.47017544 0.29707602
0.20461700 0.46589717 0.32948583
0.37780713 0.46235139 0.15984148
0.20009678 0.46866683 0.33123639
0.20204830 0.46744215 0.33050955
0.19280483 0.46919431 0.33800086
0.19417476 0.46213592 0.34368932
0.37399679 0.46067416 0.16532905
0.20364742 0.46938776 0.32696483
0.19794060 0.46668369 0.33537571
0.19889927 0.46601817 0.33508255
0.21362799 0.47476980 0.31160221
0.45630019 0.44255713 0.10114268
0.17906419 0.45860828 0.36232753
0.21152000 0.47440000 0.31408000
0.15752919 0.45500222 0.38746860
0.20399037 0.46904025 0.32696938
0.46437995 0.45162709 0.08399296
0.19637827 0.46519115 0.33843058
0.20824742 0.47113402 0.32061856
0.18378209 0.46258610 0.35363181
0.22021116 0.47259930 0.30718954
0.21531100 0.49175970 0.29292929
0.20896314 0.47308406 0.31795280
0.18442299 0.46129492 0.35428210
0.19579140 0.45654163 0.34766697
0.19712991 0.46399799 0.33887210
0.22893258 0.49297753 0.27808989
0.20198059 0.46995879 0.32806061
0.20432017 0.47003995 0.32563989
0.19985599 0.47099768 0.32914633
0.20159752 0.47043395 0.32796853
0.28013468 0.49494949 0.22491582
0.19964332 0.47002873 0.33032795
0.20247934 0.46797521 0.32954545
0.20419549 0.46842223 0.32738228
0.19992362 0.46667940 0.33339698
0.49329298 0.42685798 0.07984905
0.20941638 0.47081903 0.31976459
0.20627701 0.47032067 0.32340232
0.20207254 0.46502591 0.33290155
0.18244514 0.46144201 0.35611285
0.38206535 0.46219890 0.15573575
0.16085791 0.45427465 0.38486744
0.20011652 0.46781241 0.33207107
0.18065548 0.45723421 0.36211031
0.20127944 0.47478212 0.32393844
0.21471653 0.49306393 0.29221954
0.20051066 0.46635626 0.33313307
0.20480769 0.47275641 0.32243590
0.19957662 0.47018699 0.33023639
0.20481928 0.46787149 0.32730924
0.23769634 0.49738220 0.26492147
0.21802142 0.46943919 0.31253938
0.20765325 0.47188974 0.32045702
0.20227457 0.46709992 0.33062551
0.19247220 0.46307385 0.34445395
0.47080979 0.44303202 0.08615819
0.20332640 0.47193347 0.32474012
0.21875000 0.47355769 0.30769231
0.20094858 0.46854718 0.33050424
0.19955056 0.46651685 0.33393258
0.33893077 0.48457848 0.17649075
0.20023419 0.46662763 0.33313817
0.19955207 0.46898096 0.33146697
0.18230769 0.46076923 0.35692308
0.20272769 0.46925566 0.32801664
0.20644313 0.49046680 0.30309007
0.20311174 0.46789250 0.32899576
0.21029389 0.47160043 0.31810568
0.18864703 0.46052070 0.35083227
0.18913418 0.46469391 0.34617191
0.28550984 0.49338104 0.22110912
0.20148053 0.46540071 0.33311876
0.20268341 0.46759920 0.32971739
0.21052632 0.47532895 0.31414474
0.20607375 0.46854664 0.32537961
0.38088804 0.46256832 0.15654363
0.20256024 0.46762048 0.32981928
0.20162324 0.46894490 0.32943187
0.20546118 0.47220493 0.32233390
0.20120321 0.46791444 0.33088235
0.38243367 0.48490393 0.13266240
0.19964508 0.46517303 0.33518190
0.20010875 0.46846112 0.33143013
0.20113920 0.46724813 0.33161267
0.20800890 0.46885428 0.32313682
0.46298932 0.44555160 0.09145907
0.20739355 0.46902850 0.32357795
0.20306389 0.46838331 0.32855280
0.20141844 0.46382979 0.33475177
0.19983137 0.46416526 0.33600337
0.28540462 0.49494220 0.21965318
0.20375427 0.47030717 0.32593857
0.22705314 0.46376812 0.30917874
0.20873950 0.46890756 0.32235294
0.21212121 0.46913580 0.31874299
0.21500514 0.49537513 0.28961973
0.24350649 0.47402597 0.28246753
0.18009479 0.45497630 0.36492891
0.20596672 0.46930579 0.32472748
0.17395727 0.45574771 0.37029502
0.37989556 0.46214099 0.15796345
0.19489173 0.46696280 0.33814547
0.19489559 0.46403712 0.34106729
0.18064931 0.45869495 0.36065574
0.21705138 0.47431124 0.30863738
0.38275862 0.45977011 0.15747126
0.21784777 0.47112861 0.31102362
0.18584953 0.46188341 0.35226707
0.16981132 0.45157233 0.37861635
0.24611708 0.47311828 0.28076464
0.28172163 0.49692566 0.22135271
0.18187067 0.46016166 0.35796767
0.16333862 0.45500877 0.38165260
0.17353636 0.45497506 0.37148858
0.18884462 0.45657371 0.35458167
0.38782677 0.45922747 0.15294577
0.20555801 0.47176886 0.32267314
0.18786892 0.46244657 0.34968451
0.21448806 0.47308782 0.31242412
0.20595099 0.46966161 0.32438740
0.25667707 0.49601110 0.24731183
0.20363361 0.46555640 0.33080999
0.20617190 0.47008709 0.32374101
0.19879847 0.46641180 0.33478973
0.20572207 0.47002725 0.32425068
0.30204891 0.50165235 0.19629874
0.20160095 0.46575749 0.33264157
0.20613727 0.46943078 0.32443195
0.19918699 0.46544715 0.33536585
0.20071281 0.46858000 0.33070718
0.38072597 0.46178824 0.15748579
0.21518248 0.47445255 0.31036496
0.20593580 0.46981627 0.32424793
0.20338983 0.46654773 0.33006244
0.19846154 0.46564103 0.33589744
0.29353632 0.49839744 0.20806624
0.15212766 0.44521277 0.40265957
0.15977444 0.45363409 0.38659148
0.19766035 0.46551029 0.33682937
0.20259128 0.46643110 0.33097762
0.23822510 0.49360832 0.26816658
0.20259259 0.46796296 0.32944444
0.20249947 0.46769752 0.32980301
0.19581749 0.46197719 0.34220532
0.20029383 0.46865818 0.33104799
0.38189672 0.46181033 0.15629295
0.20233010 0.46912621 0.32854369
0.17777456 0.45711388 0.36511156
0.16459075 0.45373665 0.38167260
0.15858586 0.45479798 0.38661616
0.20582121 0.48544699 0.30873181
0.19377510 0.46546185 0.34076305
0.20101523 0.46862944 0.33035533
0.20986193 0.47192636 0.31821170
0.19870340 0.46547812 0.33581848
0.28272451 0.49353120 0.22374429
0.20178895 0.47013098 0.32808008
0.20289049 0.47040022 0.32670928
0.20081967 0.46721311 0.33196721
0.20238095 0.46666667 0.33095238
0.38250537 0.46201492 0.15547971
0.21036889 0.47245763 0.31717348
0.20025701 0.46776612 0.33197687
0.20828736 0.47100650 0.32070614
0.20108018 0.47057194 0.32834787
0.47118380 0.44314642 0.08566978
0.20236686 0.46686391 0.33076923
0.20262097 0.46807796 0.32930108
0.19941670 0.46773606 0.33284725
0.19268817 0.46172043 0.34559140
0.22924901 0.49275362 0.27799736
0.20768042 0.47009490 0.32222467
0.20381901 0.46803653 0.32814446
0.14993842 0.44519704 0.40486453
0.20060606 0.46787879 0.33151515
0.38511646 0.46012633 0.15475720
0.21848291 0.47222222 0.30929487
0.19699985 0.46441145 0.33858870
0.18835305 0.46314832 0.34849864
0.18953603 0.45705824 0.35340573
0.28195033 0.49242883 0.22562084
0.15879828 0.45003066 0.39117106
0.20807453 0.46816770 0.32375776
0.17145463 0.45660435 0.37194102
0.19748306 0.46570854 0.33680840
0.28314746 0.49659232 0.22026022
0.20175439 0.46751137 0.33073424
0.20617111 0.46914446 0.32468443
0.17580872 0.45663385 0.36755743
0.20620121 0.47289679 0.32090199
0.46260636 0.45588894 0.08150470
0.19961240 0.46782946 0.33255814
0.20918114 0.47146402 0.31935484
0.21507572 0.47473201 0.31019227
0.19160998 0.45918367 0.34920635
0.38621280 0.46157140 0.15221580
0.17363469 0.45775536 0.36860995
0.17269247 0.45937899 0.36792854
0.21577218 0.47480832 0.30941950
0.18923849 0.46283630 0.34792522
0.38000000 0.46000000 0.16000000
0.20913771 0.47018447 0.32067782
0.18941504 0.45821727 0.35236769
0.19212598 0.46141732 0.34645669
0.20589681 0.46879607 0.32530713
0.45979770 0.45328304 0.08691925
0.19865361 0.46940024 0.33194614
0.23117709 0.47083775 0.29798515
0.21837456 0.47420495 0.30742049
0.22283610 0.47206875 0.30509515
0.38963283 0.47688985 0.13347732
0.20262035 0.46983547 0.32754418
0.17713004 0.45868033 0.36418962
0.20637697 0.47154581 0.32207722
0.18565401 0.46202532 0.35232068
0.27159261 0.49575637 0.23265102
0.20272939 0.46902496 0.32824565
0.20391517 0.46737357 0.32871126
0.21642764 0.47435897 0.30921339
0.20685914 0.47923573 0.31390513
0.28117914 0.49735450 0.22146636
0.16561713 0.44962217 0.38476071
0.17046414 0.45654008 0.37299578
0.20195931 0.46910324 0.32893745
0.19786420 0.46705622 0.33507959
0.38038585 0.46270096 0.15691318
0.20140928 0.46799765 0.33059307
0.17639700 0.45579650 0.36780651
0.21290588 0.47020140 0.31689273
0.21012101 0.47139714 0.31848185
0.46880873 0.45280388 0.07838739
0.20606061 0.45858586 0.33535354
0.20855615 0.46999406 0.32144979
0.15958816 0.45045045 0.38996139
0.20404782 0.47106166 0.32489052
0.34368308 0.48527837 0.17103854
0.19681275 0.46374502 0.33944223
0.20404551 0.46953224 0.32642225
0.21472663 0.47442681 0.31084656
0.20870189 0.47047574 0.32082238
0.38907850 0.45847554 0.15244596
0.20290557 0.46924939 0.32784504
0.21075237 0.47186019 0.31738744
0.20024938 0.46907731 0.33067332
0.19700164 0.46732256 0.33567580
0.37865749 0.46127367 0.16006885
0.20249426 0.46636035 0.33114539
0.19983278 0.46404682 0.33612040
0.20064725 0.46903991 0.33031284
0.20834524 0.47099171 0.32066305
0.38198404 0.46066135 0.15735462
0.20459016 0.46950820 0.32590164
0.20538543 0.46937698 0.32523759
0.19835294 0.46423529 0.33741176
0.17816901 0.45897887 0.36285211
0.38608964 0.46120556 0.15270479
0.23309053 0.47710718 0.28980229
0.21144279 0.47217040 0.31638682
0.21249360 0.47158218 0.31592422
0.19182156 0.46096654 0.34721190
0.27710843 0.49468462 0.22820695
0.19106317 0.46733436 0.34160247
0.20197044 0.46943988 0.32858967
0.20269403 0.46760744 0.32969852
0.21683068 0.47472005 0.30844927
0.28914835 0.49519231 0.21565934
0.22874914 0.47097443 0.30027643
0.19942684 0.47024612 0.33032704
0.20090090 0.46711712 0.33198198
0.18302207 0.46315789 0.35382003
0.38810546 0.45984059 0.15205395
0.17060407 0.45723684 0.37215909
0.20214965 0.46858206 0.32926829
0.19020822 0.46314012 0.34665166
0.17097902 0.45314685 0.37587413
0.37897222 0.46322862 0.15779916
0.18269747 0.45889307 0.35840946
0.20860401 0.47148838 0.31990761
0.16437364 0.45257060 0.38305576
0.20224719 0.46808989 0.32966292
0.20000000 0.48140704 0.31859296
0.20042154 0.46579805 0.33378042
0.20490064 0.47192746 0.32317191
0.21482890 0.46768061 0.31749049
0.19985673 0.46919771 0.33094556
0.20395328 0.48382749 0.31221923
0.16331387 0.45468311 0.38200303
0.20267909 0.46592895 0.33139196
0.20501730 0.46820934 0.32677336
0.20895737 0.47191820 0.31912442
0.38247566 0.45897079 0.15855355
0.19438985 0.46614258 0.33946757
0.19944066 0.46705121 0.33350813
0.21505640 0.47057381 0.31436979
0.17686659 0.46022032 0.36291310
0.25598086 0.50239234 0.24162679
0.21407720 0.47259163 0.31333117
0.22851563 0.47005208 0.30143229
0.18946396 0.46358595 0.34695009
0.20634137 0.47036744 0.32329119
0.20300752 0.48370927 0.31328321
0.15756952 0.45159629 0.39083419
0.20450136 0.46953822 0.32596042
0.20186741 0.46909430 0.32903828
0.20967301 0.47299390 0.31733309
0.38048091 0.45968883 0.15983027
0.21121315 0.47220880 0.31657806
0.19973545 0.46851852 0.33174603
0.18019802 0.46138614 0.35841584
0.19292035 0.47079646 0.33628319
0.27770178 0.49384405 0.22845417
0.20052957 0.47043248 0.32903795
0.19351808 0.46148426 0.34499765
0.21562607 0.47355851 0.31081542
0.20009095 0.46612096 0.33378809
0.37798323 0.48484197 0.13717480
0.19728640 0.46241291 0.34030070
0.19572292 0.46768945 0.33658763
0.20020325 0.46849593 0.33130081
0.19259962 0.46236559 0.34503479
0.44245614 0.44754386 0.11000000
0.19539963 0.46328996 0.34131041
0.20749710 0.47238348 0.32011942
0.19275210 0.46271008 0.34453782
0.21460628 0.47286822 0.31252550
0.38167939 0.45801527 0.16030534
0.22448980 0.47193878 0.30357143
0.19173942 0.46423774 0.34402283
0.21528949 0.46599213 0.31871838
0.20289855 0.46724638 0.32985507
0.38472737 0.46095818 0.15431445
0.14910026 0.44935733 0.40154242
0.20324427 0.46851145 0.32824427
0.21722963 0.47474434 0.30802603
0.20847458 0.47033898 0.32118644
0.29087828 0.49929398 0.20982773
0.20452311 0.46853491 0.32694199
0.15953307 0.44941634 0.39105058
0.18359375 0.46037946 0.35602679
0.20163308 0.46937969 0.32898723
0.25080848 0.49407115 0.25512037
0.20024053 0.46482261 0.33493686
0.20059303 0.46641957 0.33298740
0.20633850 0.46797033 0.32569117
0.23190443 0.47575545 0.29234013
0.41047297 0.44763514 0.14189189
0.17538785 0.45832238 0.36628977
0.20134228 0.46857840 0.33007932
0.20335821 0.46735075 0.32929104
0.20925205 0.47233031 0.31841764
0.28720627 0.50130548 0.21148825
0.23895582 0.47590361 0.28514056
0.20035619 0.46393589 0.33570793
0.15916955 0.45381954 0.38701091
0.19990626 0.46472932 0.33536442
0.20109452 0.48316483 0.31574065
0.20805703 0.47115385 0.32078912
0.19993550 0.46597872 0.33408578
0.21798223 0.47412441 0.30789336
0.20953479 0.46828143 0.32218378
0.46690703 0.44398661 0.08910636
0.20041370 0.46931740 0.33026890
0.16491597 0.45378151 0.38130252
0.21264368 0.47988506 0.30747126
0.20057143 0.46828571 0.33114286
0.26642214 0.49716572 0.23641214
0.20233623 0.47291482 0.32474896
0.20398593 0.46717468 0.32883939
0.19976498 0.46592244 0.33431257
0.19245283 0.45283019 0.35471698
0.30069930 0.49930070 0.20000000
0.18206973 0.45877144 0.35915883
0.20751604 0.47222731 0.32025665
0.20402178 0.46920821 0.32677000
0.16209001 0.45423341 0.38367658
0.38218924 0.46196660 0.15584416
0.20430999 0.46705346 0.32863655
0.19373657 0.46822229 0.33804114
0.17355136 0.45672611 0.36972252
0.20343181 0.47001592 0.32655227
0.38724832 0.47986577 0.13288591
0.18375095 0.46140218 0.35484687
0.21074695 0.47179878 0.31745427
0.20129463 0.46920025 0.32950512
0.21636265 0.47552826 0.30810908
0.29863481 0.50511945 0.19624573
0.20186506 0.46736149 0.33077345
0.20552933 0.46918409 0.32528658
0.19994689 0.46508232 0.33497079
0.20179629 0.46818269 0.33002102
0.46883348 0.44968833 0.08147818
0.19379639 0.46235419 0.34384942
0.16176471 0.44796380 0.39027149
0.21026184 0.47209733 0.31764084
0.19768540 0.46410014 0.33821445
0.29661716 0.49504950 0.20833333
0.20839813 0.47122862 0.32037325
0.20945592 0.47499738 0.31554670
0.20266627 0.46719593 0.33013781
0.22710068 0.47615443 0.29674489
0.27465940 0.49663942 0.22870118
0.19830028 0.46081209 0.34088763
0.20124031 0.46806202 0.33069767
0.19682018 0.45592327 0.34725655
0.21908823 0.47490981 0.30600197
0.47733333 0.42986667 0.09280000
0.20306859 0.46615523 0.33077617
0.19565217 0.46376812 0.34057971
0.20206186 0.46996564 0.32797251
0.17911111 0.45777778 0.36311111
0.25369863 0.49643836 0.24986301
0.20107285 0.46945838 0.32946877
0.20284900 0.46780627 0.32934473
0.20720109 0.46976902 0.32302989
0.19977511 0.46814093 0.33208396
0.39231967 0.45770628 0.14997405
0.20154267 0.46777805 0.33067927
0.18638355 0.46006067 0.35355578
0.17305586 0.45980285 0.36714129
0.20051086 0.46530438 0.33418476
0.24497992 0.50334672 0.25167336
0.21644737 0.47302632 0.31052632
0.17841484 0.46273187 0.35885329
0.20035506 0.46905909 0.33058585
0.20296598 0.46874091 0.32829311
0.38300654 0.46143791 0.15555556
0.19952821 0.46707293 0.33339886
0.20067390 0.46798952 0.33133658
0.19934180 0.46591443 0.33474377
0.20026830 0.46799540 0.33173630
0.37997757 0.46307721 0.15694522
0.19793621 0.46904315 0.33302064
0.19958665 0.46855624 0.33185710
0.20000000 0.46864932 0.33135068
0.19887781 0.46415212 0.33697007
0.37627812 0.48261759 0.14110429
0.20497312 0.47110215 0.32392473
0.16664061 0.45536970 0.37798968
0.20121240 0.46794125 0.33084635
0.20636238 0.46749654 0.32614108
0.48232516 0.43943319 0.07824166
0.19802330 0.46381927 0.33815743
0.20342067 0.46925036 0.32732897
0.23191095 0.46846011 0.29962894
0.20401338 0.46822742 0.32775920
0.30140056 0.49635854 0.20224090
0.21207785 0.47452776 0.31339439
0.17123288 0.45633562 0.37243151
0.19864751 0.46491970 0.33643280
0.17278044 0.45188729 0.37533227
0.28254211 0.49527820 0.22217968
0.16734143 0.45479082 0.37786775
0.19962121 0.46818182 0.33219697
0.19653407 0.46514376 0.33832217
0.17408907 0.45546559 0.37044534
0.28227194 0.49512335 0.22260470
0.20193192 0.46734131 0.33072677
0.20345489 0.46976967 0.32677543
0.16409746 0.45400298 0.38189955
0.20315236 0.46672504 0.33012259
0.37988115 0.46095076 0.15916808
0.20235962 0.47147551 0.32616487
0.20424242 0.46606061 0.32969697
0.20196877 0.46809233 0.32993890
0.20284793 0.47125202 0.32590005
0.35029547 0.48456993 0.16513460
0.20030817 0.46533128 0.33436055
0.16158781 0.45268645 0.38572574
0.20346179 0.46734161 0.32919660
0.18575907 0.46267937 0.35156156
0.46405629 0.45120832 0.08473539
0.21212121 0.46262626 0.32525253
0.20015924 0.46863057 0.33121019
0.19668508 0.46445672 0.33885820
0.15864528 0.45276292 0.38859180
0.28145695 0.49889625 0.21964680
0.20017096 0.46944009 0.33038894
0.20192308 0.46932234 0.32875458
0.20270270 0.46790541 0.32939189
0.21254864 0.47324903 0.31420233
0.47265956 0.44862028 0.07872016
0.18887198 0.46402956 0.34709846
0.20430108 0.46594982 0.32974910
0.20493562 0.46673820 0.32832618
0.20790760 0.46779209 0.32430031
0.38556447 0.46144355 0.15299198
0.19427780 0.46294416 0.34277803
0.20311739 0.46858256 0.32830005
0.16491228 0.45614035 0.37894737
0.19941472 0.46906355 0.33152174
0.20661157 0.48545455 0.30793388
0.15884013 0.45265589 0.38850398
0.19453051 0.46557995 0.33988953
0.20898100 0.47389398 0.31712502
0.20762905 0.47053449 0.32183646
0.46442361 0.43960287 0.09597352
0.20054201 0.46844754 0.33101045
0.20188482 0.46638743 0.33172775
0.17103984 0.45772595 0.37123421
0.19008130 0.46341463 0.34650407
0.38070033 0.46335505 0.15594463
0.17434716 0.45238095 0.37327189
0.20330541 0.47339823 0.32329635
0.21208791 0.46703297 0.32087912
0.20362036 0.46954695 0.32683268
0.38375350 0.46078431 0.15546218
0.19894447 0.46661313 0.33444240
0.21841155 0.47292419 0.30866426
0.24174757 0.47378641 0.28446602
0.20371912 0.46738829 0.32889259
0.25667828 0.49651568 0.24680604
0.19932115 0.47028237 0.33039648
0.21659389 0.46899563 0.31441048
0.21945338 0.46543408 0.31511254
0.16312875 0.44970005 0.38717120
0.37976190 0.46071429 0.15952381
0.21782700 0.47151899 0.31065401
0.16842996 0.45429539 0.37727465
0.19622093 0.46220930 0.34156977
0.20067698 0.46735977 0.33196325
0.28120145 0.49197307 0.22682548
0.20186014 0.46675853 0.33138133
0.20260223 0.46840149 0.32899628
0.19816198 0.46524986 0.33658817
0.18732368 0.45965770 0.35301862
0.37442922 0.45205479 0.17351598
0.18744650 0.46276748 0.34978602
